Размер: 7×7
Сумма элементов: 1.0000000000

  0.00001965   0.00023941   0.00107296   0.00176901   0.00107296   0.00023941   0.00001965 
  0.00023941   0.00291660   0.01307131   0.02155094   0.01307131   0.00291660   0.00023941 
  0.00107296   0.01307131   0.05858154   0.09658463   0.05858154   0.01307131   0.00107296 
  0.00176901   0.02155094   0.09658463   0.15924113   0.09658463   0.02155094   0.00176901 
  0.00107296   0.01307131   0.05858154   0.09658463   0.05858154   0.01307131   0.00107296 
  0.00023941   0.00291660   0.01307131   0.02155094   0.01307131   0.00291660   0.00023941 
  0.00001965   0.00023941   0.00107296   0.00176901   0.00107296   0.00023941   0.00001965 
